0.331
0.311
0.311
0.309
0.304
0.304
0.300
0.297
0.295
0.295
0.295
0.292
0.292
0.290
0.290
0.288
0.288
0.287
0.287
0.286
0.283
0.283
0.283
0.282
0.282
0.281
0.278
0.277
0.277
0.276
0.276
0.275
0.274
0.274
0.272
0.272
0.272
0.272
0.272
0.270
0.269
0.268
0.267
0.267
0.266
0.266
0.265
0.265
0.265
0.264
0.264
0.264
0.264
0.264
0.264
0.264
0.263
0.263
0.263
0.262
0.262
0.261
0.261
0.261
0.260
0.259
0.259
0.258
0.258
0.258
0.257
0.257
0.257
0.257
0.257
0.256
0.256
0.256
0.256
0.256
0.256
0.255
0.253
0.253
0.252
0.252
0.252
0.251
0.251
0.250
0.250
0.250
0.249
0.249
0.248
0.247
0.247
0.247
0.246
0.246
0.245
0.245
0.244
0.243
0.242
0.242
0.241
0.240
0.240
0.240
0.239
0.239
0.239
0.238
0.238
0.238
0.238
0.236
0.236
0.236
0.235
0.235
0.235
0.234
0.234
0.234
0.234
0.233
0.233
0.232
0.232
0.231
0.231
0.230
0.230
0.228
0.228
0.228
0.227
0.225
0.220
0.214
0.212
0.200